V P 0.649717514124 0.316384180791 0.0338983050847 0.397923875433 0.358208955224 0.0612244897959
P A 0.616216216216 0.362162162162 0.0216216216216 0.164265129683 0.226351351351 0.0330578512397
A N 0.785031847134 0.190286624204 0.0246815286624 0.801952013013 0.287432351173 0.047220106626
N O 0.590476190476 0.342857142857 0.0666666666667 0.0948012232416 0.140625 0.0864197530864
O V 0.651923076923 0.310576923077 0.0375 0.604547481052 0.446440912232 0.0711030082042
P V 0.592476489028 0.363636363636 0.0438871473354 0.248357424442 0.31955922865 0.0744680851064
V D 0.698744769874 0.273361227336 0.0278940027894 0.521875 0.348754448399 0.0516795865633
D A 0.773255813953 0.199127906977 0.0276162790698 0.562665256478 0.250228310502 0.0510067114094
N , 0.749363867684 0.22582697201 0.0248091603053 0.849009009009 0.358767054068 0.0478821362799
, & 0.651612903226 0.296774193548 0.0516129032258 0.267019167217 0.256624825662 0.0871934604905
& R 0.637096774194 0.322580645161 0.0403225806452 0.119065561417 0.15065913371 0.0552486187845
R D 0.685185185185 0.259259259259 0.0555555555556 0.11289092296 0.108737864078 0.0727272727273
D R 0.733333333333 0.266666666667 0.0 0.0696753760887 0.06852248394 0.0
R , 0.6 0.356756756757 0.0432432432432 0.159942363112 0.222972972973 0.0661157024793
O , 0.569892473118 0.397849462366 0.0322580645161 0.0817901234568 0.148 0.04
, X 0.125 0.75 0.125 0.00165152766309 0.0289156626506 0.0307692307692
X V 0.357142857143 0.571428571429 0.0714285714286 0.00821692686935 0.0380047505938 0.0281690140845
V $ 0.529411764706 0.382352941176 0.0882352941176 0.0291026677445 0.0589569160998 0.0659340659341
$ P 0.526315789474 0.473684210526 0.0 0.0322320709106 0.0808988764045 0.0
P O 0.571428571429 0.398268398268 0.030303030303 0.18410041841 0.288401253918 0.0486111111111
, V 0.53 0.42 0.05 0.0813507290867 0.165680473373 0.0636942675159
P N 0.663157894737 0.298245614035 0.0385964912281 0.254032258065 0.245664739884 0.0643274853801
, D 0.665399239544 0.311787072243 0.0228136882129 0.238744884038 0.244776119403 0.0375
D N 0.674830640959 0.288692027097 0.0364773319437 0.829596412556 0.476354256234 0.0708502024291
N V 0.686528497409 0.275474956822 0.0379965457686 0.673443456163 0.407667731629 0.0724279835391
V A 0.686746987952 0.269879518072 0.0433734939759 0.560747663551 0.362166531932 0.0811724915445
A , 0.689238210399 0.268440145103 0.0423216444982 0.56157635468 0.359805510535 0.079185520362
& D 0.726114649682 0.238853503185 0.0350318471338 0.300593276203 0.208044382802 0.0592991913747
V V 0.574 0.386 0.04 0.337052260716 0.425578831312 0.0718132854578
O & 0.75 0.25 0.0 0.0148148148148 0.0143198090692 0.0
& O 0.664705882353 0.282352941176 0.0529411764706 0.164603058995 0.166377816291 0.079295154185
V R 0.645412130638 0.328149300156 0.0264385692068 0.449620801733 0.401904761905 0.0485714285714
R A 0.647169811321 0.311320754717 0.0415094339623 0.395845354876 0.352187833511 0.0749574105622
O R 0.770114942529 0.229885057471 0.0 0.103875968992 0.080971659919 0.0
R V 0.674479166667 0.3125 0.0130208333333 0.326402016383 0.303413400759 0.0226757369615
V O 0.629787234043 0.340425531915 0.0297872340426 0.205841446453 0.249221183801 0.0479452054795
O A 0.764705882353 0.176470588235 0.0588235294118 0.0213114754098 0.0141509433962 0.027027027027
V N 0.562130177515 0.384615384615 0.0532544378698 0.138483965015 0.225694444444 0.0796460176991
N P 0.712021136063 0.252311756935 0.0356671070013 0.55 0.328178694158 0.0663390663391
& V 0.691428571429 0.28 0.0285714285714 0.175616835994 0.168384879725 0.0431034482759
P D 0.699609882965 0.265279583875 0.0351105331599 0.545638945233 0.34693877551 0.0653753026634
, R 0.647058823529 0.308823529412 0.0441176470588 0.13144137416 0.154696132597 0.0621761658031
A & 0.719602977667 0.245657568238 0.0347394540943 0.361145703611 0.244444444444 0.0608695652174
N A 0.757575757576 0.191919191919 0.0505050505051 0.115207373272 0.0750988142292 0.0641025641026
P X 0.0 1.0 0.0 0.0 0.00490196078431 0.0
X D 0.714285714286 0.285714285714 0.0 0.0164338537387 0.0190023752969 0.0
D , 0.705882352941 0.294117647059 0.0 0.0196721311475 0.0235849056604 0.0
, O 0.611842105263 0.361842105263 0.0263157894737 0.137269372694 0.196779964222 0.0382775119617
O P 0.592592592593 0.388888888889 0.0185185185185 0.0509148766905 0.0911062906725 0.018018018018
P ^ 0.880281690141 0.0985915492958 0.0211267605634 0.185873605948 0.0510018214936 0.0301507537688
^ , 0.811688311688 0.162337662338 0.025974025974 0.184229918939 0.0891265597148 0.0379146919431
, A 0.843137254902 0.147058823529 0.00980392156863 0.244491826581 0.0981996726678 0.0153256704981
R R 0.689655172414 0.28275862069 0.0275862068966 0.148367952522 0.148550724638 0.039603960396
^ V 0.777777777778 0.166666666667 0.0555555555556 0.0878431372549 0.0501043841336 0.062015503876
^ ^ 0.866141732283 0.11811023622 0.0157480314961 0.165413533835 0.0561797752809 0.0217391304348
^ & 1.0 0.0 0.0 0.0439024390244 0.0 0.0
& P 0.510204081633 0.469387755102 0.0204081632653 0.0399361022364 0.100877192982 0.0188679245283
N N 0.757264957265 0.223931623932 0.0188034188034 0.495525727069 0.264112903226 0.0342679127726
P P 0.74358974359 0.153846153846 0.102564102564 0.0466988727858 0.0269058295964 0.0833333333333
A A 0.71875 0.26875 0.0125 0.168745414527 0.151675485009 0.0184331797235
R P 0.602272727273 0.375 0.0227272727273 0.153734590283 0.22641509434 0.0343347639485
A P 0.606870229008 0.358778625954 0.0343511450382 0.217064846416 0.281016442451 0.0564263322884
L V 0.594594594595 0.324324324324 0.0810810810811 0.0354838709677 0.0540540540541 0.063829787234
N & 0.738693467337 0.223618090452 0.0376884422111 0.367270455965 0.221118012422 0.0659340659341
R N 0.5 0.4375 0.0625 0.0131255127153 0.0330969267139 0.027397260274
D $ 0.272727272727 0.636363636364 0.0909090909091 0.00494233937397 0.0334928229665 0.0294117647059
$ N 0.625 0.296875 0.078125 0.0631412786109 0.0806794055202 0.0826446280992
N L 0.65 0.35 0.0 0.0212591986917 0.0327868852459 0.0
V , 0.636363636364 0.318181818182 0.0454545454545 0.196767392832 0.223285486443 0.072202166065
, N 0.826589595376 0.156069364162 0.0173410404624 0.207848837209 0.0931034482759 0.0260869565217
N G 0.333333333333 0.666666666667 0.0 0.00330851943755 0.0193704600484 0.0
G G 0.571428571429 0.428571428571 0.0 0.00661157024793 0.0144927536232 0.0
G V 0.0 1.0 0.0 0.0 0.0146341463415 0.0
P R 0.6 0.373333333333 0.0266666666667 0.0704225352113 0.116182572614 0.030303030303
& A 0.778801843318 0.198156682028 0.0230414746544 0.238028169014 0.137820512821 0.036496350365
N R 0.55487804878 0.390243902439 0.0548780487805 0.133138258961 0.224168126095 0.0814479638009
, P 0.737373737374 0.222222222222 0.040404040404 0.112135176651 0.0869565217391 0.0512820512821
V T 0.75 0.181818181818 0.0681818181818 0.0529270248597 0.0354767184035 0.0594059405941
T D 0.727272727273 0.272727272727 0.0 0.0131795716639 0.0143540669856 0.0
A O 0.789473684211 0.210526315789 0.0 0.0483481063658 0.0359550561798 0.0
O ^ 1.0 0.0 0.0 0.00331950207469 0.0 0.0
^ N 0.839285714286 0.151785714286 0.00892857142857 0.142965779468 0.0655105973025 0.0118343195266
V ^ 0.875 0.125 0.0 0.0453441295547 0.0182232346241 0.0
A R 0.537037037037 0.388888888889 0.0740740740741 0.0461416070008 0.0911062906725 0.0720720720721
^ O 1.0 0.0 0.0 0.0132122213047 0.0 0.0
O D 0.785714285714 0.214285714286 0.0 0.0530120481928 0.0400890868597 0.0
N ^ 0.764705882353 0.235294117647 0.0 0.0213114754098 0.0188679245283 0.0
^ P 0.885714285714 0.114285714286 0.0 0.0500807754443 0.0180995475113 0.0
V L 0.333333333333 0.444444444444 0.222222222222 0.0049504950495 0.0192307692308 0.0606060606061
L R 0.630769230769 0.323076923077 0.0461538461538 0.0646687697161 0.0889830508475 0.0491803278689
D ^ 0.747663551402 0.242990654206 0.00934579439252 0.12213740458 0.101167315175 0.0121951219512
P & 0.727272727273 0.272727272727 0.0 0.0131795716639 0.0143540669856 0.0
, , 0.913793103448 0.0862068965517 0.0 0.0840602696273 0.0215053763441 0.0
, L 0.705882352941 0.235294117647 0.0588235294118 0.0388035569927 0.0362811791383 0.043956043956
D V 0.774193548387 0.193548387097 0.0322580645161 0.0758893280632 0.0511727078891 0.0336134453782
V & 0.608695652174 0.391304347826 0.0 0.044835868695 0.0794701986755 0.0
R $ 0.5 0.4 0.1 0.00824402308326 0.0191846522782 0.0298507462687
G N 1.0 0.0 0.0 0.00166112956811 0.0 0.0
L D 0.714285714286 0.257142857143 0.0285714285714 0.0403877221325 0.0407239819005 0.0217391304348
T P 0.727272727273 0.181818181818 0.0909090909091 0.0261224489796 0.018648018648 0.0506329113924
A V 0.621621621622 0.351351351351 0.027027027027 0.0370967741935 0.0585585585586 0.0212765957447
! , 0.5 0.4375 0.0625 0.0259109311741 0.0637813211845 0.0449438202247
& N 0.758064516129 0.209677419355 0.0322580645161 0.203023758099 0.131534569983 0.0493827160494
, ! 0.578947368421 0.421052631579 0.0 0.0180032733224 0.037558685446 0.0
R & 0.65625 0.34375 0.0 0.034008097166 0.0501138952164 0.0
P L 0.813953488372 0.162790697674 0.0232558139535 0.0561797752809 0.0311111111111 0.02
L N 0.75 0.0 0.25 0.00990916597853 0.0 0.0615384615385
, ^ 0.853658536585 0.0975609756098 0.0487804878049 0.056270096463 0.0178571428571 0.0408163265306
R L 0.4 0.6 0.0 0.00985221674877 0.042654028436 0.0
L P 0.863636363636 0.136363636364 0.0 0.0310204081633 0.013986013986 0.0
A D 0.515151515152 0.454545454545 0.030303030303 0.0275080906149 0.0681818181818 0.0222222222222
, $ 0.785714285714 0.214285714286 0.0 0.0180772391126 0.0142517814727 0.0
$ & 0.75 0.25 0.0 0.00990916597853 0.00963855421687 0.0
D P 0.862068965517 0.103448275862 0.0344827586207 0.0405844155844 0.0137614678899 0.0232558139535
& , 0.6 0.4 0.0 0.00496688741722 0.00970873786408 0.0
R X 1.0 0.0 0.0 0.00827814569536 0.0 0.0
A L 0.727272727273 0.181818181818 0.0909090909091 0.0131795716639 0.00956937799043 0.0294117647059
R O 0.5 0.411764705882 0.0882352941176 0.0535011801731 0.117894736842 0.096
D D 0.866666666667 0.133333333333 0.0 0.0213464696223 0.00947867298578 0.0
N D 0.851063829787 0.148936170213 0.0 0.064 0.0308370044053 0.0
A $ 0.428571428571 0.52380952381 0.047619047619 0.0147058823529 0.0514018691589 0.025641025641
A ^ 0.973684210526 0.0 0.0263157894737 0.0596293311845 0.0 0.0210526315789
L A 0.666666666667 0.3 0.0333333333333 0.0324412003244 0.0411899313501 0.0229885057471
P $ 0.709090909091 0.254545454545 0.0363636363636 0.0620031796502 0.0606060606061 0.0357142857143
V X 0.6 0.4 0.0 0.00496688741722 0.00970873786408 0.0
P , 0.761904761905 0.214285714286 0.0238095238095 0.05140562249 0.0400890868597 0.020202020202
N X 0.666666666667 0.333333333333 0.0 0.00331674958541 0.00487804878049 0.0
^ R 1.0 0.0 0.0 0.00992555831266 0.0 0.0
$ , 0.588235294118 0.352941176471 0.0588235294118 0.0323362974939 0.0544217687075 0.043956043956
Z V 0.888888888889 0.111111111111 0.0 0.013201320132 0.00480769230769 0.0
P Z 0.5 0.5 0.0 0.00496277915633 0.0145278450363 0.0
Z , 0.75 0.25 0.0 0.0049710024855 0.00486618004866 0.0
& ^ 0.923076923077 0.0 0.0769230769231 0.0197368421053 0.0 0.0285714285714
$ A 0.7 0.3 0.0 0.0115416323166 0.0143884892086 0.0
& L 0.6 0.266666666667 0.133333333333 0.0147783251232 0.0189573459716 0.0555555555556
Z N 0.6 0.4 0.0 0.00496688741722 0.00970873786408 0.0
O O 0.5 0.416666666667 0.0833333333333 0.0195599022005 0.046403712297 0.0493827160494
D S 0.333333333333 0.666666666667 0.0 0.0016583747927 0.00975609756098 0.0
S N 0.25 0.75 0.0 0.0016570008285 0.014598540146 0.0
R Z 0.666666666667 0.333333333333 0.0 0.00331674958541 0.00487804878049 0.0
D O 1.0 0.0 0.0 0.006628003314 0.0 0.0
O T 0.428571428571 0.428571428571 0.142857142857 0.00495867768595 0.0144927536232 0.03125
T , 0.636363636364 0.272727272727 0.0909090909091 0.0115321252059 0.0143540669856 0.0294117647059
L $ 1.0 0.0 0.0 0.00166112956811 0.0 0.0
^ A 1.0 0.0 0.0 0.00497512437811 0.0 0.0
^ Z 1.0 0.0 0.0 0.00827814569536 0.0 0.0
Z & 1.0 0.0 0.0 0.00331950207469 0.0 0.0
Z P 0.8 0.2 0.0 0.00662251655629 0.00485436893204 0.0
! V 0.25 0.75 0.0 0.0016570008285 0.014598540146 0.0
V Z 0.5 0.5 0.0 0.003314001657 0.00973236009732 0.0
Z A 1.0 0.0 0.0 0.00166112956811 0.0 0.0
D X 0.0 1.0 0.0 0.0 0.00977995110024 0.0
X O 0.0 1.0 0.0 0.0 0.00977995110024 0.0
$ D 1.0 0.0 0.0 0.00827814569536 0.0 0.0
^ D 0.833333333333 0.0 0.166666666667 0.00827129859388 0.0 0.031746031746
! R 1.0 0.0 0.0 0.00331950207469 0.0 0.0
, G 0.666666666667 0.333333333333 0.0 0.00331674958541 0.00487804878049 0.0
G , 0.75 0.25 0.0 0.0049710024855 0.00486618004866 0.0
N T 0.666666666667 0.333333333333 0.0 0.00331674958541 0.00487804878049 0.0
T N 1.0 0.0 0.0 0.00166112956811 0.0 0.0
V G 1.0 0.0 0.0 0.006628003314 0.0 0.0
G O 1.0 0.0 0.0 0.006628003314 0.0 0.0
O N 0.642857142857 0.357142857143 0.0 0.0147904683648 0.0237529691211 0.0
O $ 0.0 1.0 0.0 0.0 0.00977995110024 0.0
$ V 0.0 1.0 0.0 0.0 0.0146341463415 0.0
L O 1.0 0.0 0.0 0.00166112956811 0.0 0.0
D L 1.0 0.0 0.0 0.00166112956811 0.0 0.0
D Z 1.0 0.0 0.0 0.00497512437811 0.0 0.0
& $ 0.428571428571 0.571428571429 0.0 0.00495867768595 0.0193236714976 0.0
& ! 0.571428571429 0.285714285714 0.142857142857 0.00661157024793 0.00966183574879 0.03125
T A 1.0 0.0 0.0 0.006628003314 0.0 0.0
V ! 0.714285714286 0.142857142857 0.142857142857 0.00826446280992 0.0048309178744 0.03125
! ^ 1.0 0.0 0.0 0.006628003314 0.0 0.0
Z R 0.5 0.5 0.0 0.00165975103734 0.00488997555012 0.0
N $ 0.571428571429 0.285714285714 0.142857142857 0.00661157024793 0.00966183574879 0.03125
P S 0.0 1.0 0.0 0.0 0.00490196078431 0.0
! P 1.0 0.0 0.0 0.00166112956811 0.0 0.0
T V 0.333333333333 0.666666666667 0.0 0.0016583747927 0.00975609756098 0.0
$ O 0.5 0.5 0.0 0.00165975103734 0.00488997555012 0.0
D & 1.0 0.0 0.0 0.00166112956811 0.0 0.0
$ ! 0.0 1.0 0.0 0.0 0.00490196078431 0.0
$ R 0.0 0.5 0.5 0.0 0.00488997555012 0.0338983050847
^ $ 1.0 0.0 0.0 0.00166112956811 0.0 0.0
$ $ 1.0 0.0 0.0 0.0115702479339 0.0 0.0
T & 0.5 0.0 0.5 0.00165975103734 0.0 0.0338983050847
G ! 0.5 0.5 0.0 0.00165975103734 0.00488997555012 0.0
! N 0.333333333333 0.666666666667 0.0 0.0016583747927 0.00975609756098 0.0
! ! 1.0 0.0 0.0 0.00166112956811 0.0 0.0
L ^ 1.0 0.0 0.0 0.00166112956811 0.0 0.0
P ! 0.5 0.5 0.0 0.00165975103734 0.00488997555012 0.0
R ^ 1.0 0.0 0.0 0.0132122213047 0.0 0.0
