D N 0.498389323516 0.440865163369 0.0607455131155 0.661778185151 0.653478854025 0.115738711092
N V 0.48712206047 0.455767077268 0.057110862262 0.436527847466 0.492736077482 0.101898101898
V R 0.496561210454 0.445667125172 0.0577716643741 0.395183360701 0.436069986541 0.100598802395
R A 0.64854368932 0.293203883495 0.0582524271845 0.413622291022 0.23704866562 0.0963081861958
A , 0.657142857143 0.283673469388 0.0591836734694 0.405031446541 0.22257806245 0.0969899665552
$ A 0.347826086957 0.304347826087 0.347826086957 0.0142475512021 0.0179028132992 0.12213740458
A N 0.595155709343 0.336505190311 0.068339100346 0.609929078014 0.406266318538 0.125
N P 0.501686340641 0.442664418212 0.0556492411467 0.520559930009 0.539845758355 0.10200927357
P N 0.544444444444 0.406666666667 0.0488888888889 0.316129032258 0.302729528536 0.078853046595
N , 0.591591591592 0.341141141141 0.0672672672673 0.712477396022 0.468646864686 0.126339537507
N & 0.59756097561 0.337398373984 0.0650406504065 0.369346733668 0.265387689848 0.106666666667
& R 0.487179487179 0.461538461538 0.0512820512821 0.12101910828 0.15737704918 0.0606060606061
N N 0.541603630862 0.384266263238 0.0741301059002 0.406587166383 0.357746478873 0.127438231469
& N 0.738095238095 0.220238095238 0.0416666666667 0.195583596215 0.0798274002157 0.0507246376812
P $ 0.212962962963 0.740740740741 0.0462962962963 0.0380794701987 0.184544405998 0.0462962962963
$ P 0.318181818182 0.666666666667 0.0151515151515 0.0360205831904 0.106666666667 0.0114942528736
P O 0.431578947368 0.494736842105 0.0736842105263 0.294610778443 0.424379232506 0.12389380531
O V 0.493630573248 0.442675159236 0.0636942675159 0.623324396783 0.631101021566 0.120481927711
V V 0.414779499404 0.514898688915 0.0703218116806 0.358947911294 0.540675844806 0.124604012672
V O 0.434083601286 0.508038585209 0.0578778135048 0.313588850174 0.457639391745 0.0986301369863
O & 0.541666666667 0.416666666667 0.0416666666667 0.0231316725979 0.0255427841635 0.0151515151515
& D 0.635838150289 0.329479768786 0.0346820809249 0.172820109976 0.122317596567 0.0427046263345
, , 0.587301587302 0.301587301587 0.111111111111 0.0636285468616 0.0462287104623 0.0818713450292
A & 0.727272727273 0.219251336898 0.0534759358289 0.211344211344 0.0866807610994 0.0677966101695
& L 0.567164179104 0.298507462687 0.134328358209 0.0651242502142 0.0484261501211 0.102857142857
L A 0.756097560976 0.158536585366 0.0853658536585 0.104906937394 0.0309155766944 0.0736842105263
A P 0.629702970297 0.310891089109 0.0594059405941 0.396261682243 0.248417721519 0.0978792822186
P P 0.353448275862 0.612068965517 0.0344827586207 0.0674342105263 0.162285714286 0.0357142857143
P R 0.518518518519 0.444444444444 0.037037037037 0.0711261642676 0.0857142857143 0.031746031746
A O 0.4375 0.453125 0.109375 0.0481099656357 0.0704738760632 0.0813953488372
V P 0.46573875803 0.467880085653 0.0663811563169 0.427728613569 0.516243354991 0.119001919386
P V 0.498800959233 0.450839328537 0.0503597122302 0.430196483971 0.472065285625 0.0891719745223
P ~ 1.0 0.0 0.0 0.00362976406534 0.0 0.0
L R 0.698795180723 0.253012048193 0.0481927710843 0.0980557903635 0.0498812351544 0.0418848167539
R V 0.480138169257 0.45768566494 0.0621761658031 0.331149493746 0.396113602392 0.10480349345
O D 0.508771929825 0.438596491228 0.0526315789474 0.0501296456353 0.0612745098039 0.0363636363636
O , 0.504347826087 0.44347826087 0.0521739130435 0.174436090226 0.206268958544 0.0710059171598
V D 0.495726495726 0.424786324786 0.0794871794872 0.511013215859 0.515292897875 0.145539906103
& A 0.81746031746 0.142857142857 0.0396825396825 0.168026101142 0.0406779661017 0.042735042735
& O 0.502074688797 0.385892116183 0.112033195021 0.180462341536 0.186 0.154727793696
A R 0.654545454545 0.236363636364 0.109090909091 0.0623376623377 0.031941031941 0.0736196319018
R D 0.413461538462 0.528846153846 0.0576923076923 0.0714285714286 0.127462340672 0.0566037735849
N O 0.505050505051 0.454545454545 0.040404040404 0.154083204931 0.188087774295 0.0522875816993
V , 0.530303030303 0.433333333333 0.0363636363636 0.244755244755 0.262626262626 0.0547945205479
P D 0.536283185841 0.408849557522 0.0548672566372 0.543497757848 0.489147697194 0.100161550889
R P 0.413502109705 0.518987341772 0.0675105485232 0.146596858639 0.246987951807 0.0927536231884
P L 0.710526315789 0.236842105263 0.0526315789474 0.0474516695958 0.0225846925972 0.027397260274
, O 0.542553191489 0.382978723404 0.0744680851064 0.158385093168 0.152059134108 0.0945945945946
, N 0.691358024691 0.234567901235 0.0740740740741 0.177496038035 0.0825190010858 0.0888888888889
, & 0.610759493671 0.287974683544 0.101265822785 0.272598870056 0.169302325581 0.150943396226
& V 0.584269662921 0.355805243446 0.059925093633 0.228237015362 0.185185185185 0.0853333333333
, R 0.51 0.45 0.04 0.085 0.104772991851 0.0384615384615
R , 0.491304347826 0.469565217391 0.0391304347826 0.16992481203 0.218402426694 0.0532544378698
, V 0.655405405405 0.324324324324 0.0202702702703 0.155448717949 0.105843439912 0.0234375
V N 0.503267973856 0.467320261438 0.0294117647059 0.21906116643 0.268544600939 0.0434782608696
N R 0.472222222222 0.5 0.0277777777778 0.176035502959 0.249258160237 0.0388888888889
D A 0.535526315789 0.388157894737 0.0763157894737 0.437634408602 0.388413429888 0.133640552995
A A 0.660714285714 0.232142857143 0.107142857143 0.122112211221 0.0597014925373 0.109090909091
, A 0.838709677419 0.112903225806 0.0483870967742 0.169934640523 0.0317100792752 0.051724137931
O R 0.515151515152 0.411255411255 0.0735930735931 0.178812922615 0.191919191919 0.100294985251
O P 0.448717948718 0.508547008547 0.042735042735 0.157421289355 0.239677744209 0.0584795321637
, $ 0.285714285714 0.714285714286 0.0 0.00718132854578 0.025873221216 0.0
$ V 0.636363636364 0.363636363636 0.0 0.012601260126 0.0103896103896 0.0
D ^ 0.66976744186 0.283720930233 0.046511627907 0.219011406844 0.125256673511 0.061919504644
^ , 0.699481865285 0.253886010363 0.0466321243523 0.208816705336 0.102941176471 0.0598006644518
! D 0.0 1.0 0.0 0.0 0.00263157894737 0.0
^ V 0.56338028169 0.415492957746 0.0211267605634 0.128824476651 0.130965593785 0.024
V A 0.656040268456 0.296979865772 0.0469798657718 0.46108490566 0.261254612546 0.0795454545455
, ^ 0.763157894737 0.171052631579 0.0657894736842 0.0986394557823 0.0311377245509 0.054347826087
P ^ 0.467213114754 0.475409836066 0.0573770491803 0.0932896890344 0.131668558456 0.0608695652174
^ & 0.551020408163 0.367346938776 0.0816326530612 0.0469973890339 0.0445544554455 0.0509554140127
$ N 0.268085106383 0.685106382979 0.0468085106383 0.0943820224719 0.323943661972 0.064139941691
R O 0.438848920863 0.539568345324 0.0215827338129 0.0984665052462 0.167037861915 0.0242914979757
R & 0.490909090909 0.454545454545 0.0545454545455 0.0467532467532 0.0614250614251 0.0368098159509
A ^ 0.677419354839 0.290322580645 0.0322580645161 0.0371352785146 0.0227848101266 0.0143884892086
O O 0.5 0.364864864865 0.135135135135 0.0630323679727 0.0648259303721 0.10989010989
! , 0.470588235294 0.411764705882 0.117647058824 0.0143240823635 0.0180412371134 0.032
& , 0.25 0.5 0.25 0.00361010830325 0.0104302477184 0.0344827586207
, P 0.339449541284 0.56880733945 0.0917431192661 0.0612076095947 0.142857142857 0.0921658986175
, D 0.463087248322 0.503355704698 0.0335570469799 0.110488390713 0.165198237885 0.0389105058366
V $ 0.261538461538 0.646153846154 0.0923076923077 0.0291845493562 0.101941747573 0.0693641618497
^ ^ 0.731092436975 0.218487394958 0.0504201680672 0.142739950779 0.0592255125285 0.0528634361233
V T 0.421487603306 0.528925619835 0.0495867768595 0.0835380835381 0.145454545455 0.0524017467249
T P 0.589743589744 0.410256410256 0.0 0.0403863037752 0.0401002506266 0.0
D V 0.357142857143 0.547619047619 0.0952380952381 0.0262697022767 0.0574282147316 0.0533333333333
P , 0.555555555556 0.320987654321 0.123456790123 0.0762066045724 0.0619047619048 0.10582010582
N D 0.297297297297 0.648648648649 0.0540540540541 0.0374787052811 0.115246098439 0.043956043956
^ P 0.586956521739 0.347826086957 0.0652173913043 0.0471204188482 0.039751552795 0.038961038961
& T 1.0 0.0 0.0 0.00181653042688 0.0 0.0
N L 0.64 0.24 0.12 0.0284444444444 0.015306122449 0.0451127819549
D R 0.631578947368 0.315789473684 0.0526315789474 0.0622299049265 0.0441176470588 0.0363636363636
A D 0.575 0.3 0.125 0.040350877193 0.0300375469337 0.0675675675676
R $ 0.375 0.625 0.0 0.0160142348754 0.0383141762452 0.0
& ^ 0.58064516129 0.387096774194 0.0322580645161 0.0318302387268 0.0303797468354 0.0143884892086
^ $ 0.697674418605 0.232558139535 0.0697674418605 0.0524934383202 0.0249376558603 0.0397350993377
, L 0.64 0.26 0.1 0.055652173913 0.0321384425216 0.0632911392405
T , 0.348837209302 0.581395348837 0.0697674418605 0.0262467191601 0.0623441396509 0.0397350993377
P A 0.422818791946 0.523489932886 0.0536912751678 0.100880704564 0.171806167401 0.0622568093385
N A 0.365591397849 0.559139784946 0.0752688172043 0.056999161777 0.1220657277 0.0696517412935
L V 0.521276595745 0.351063829787 0.127659574468 0.0820770519263 0.0773739742087 0.118811881188
^ N 0.571428571429 0.392857142857 0.0357142857143 0.105610561056 0.101033295063 0.0363636363636
R R 0.482352941176 0.423529411765 0.0941176470588 0.129133858268 0.155005382131 0.115107913669
V & 0.54128440367 0.422018348624 0.0366972477064 0.0976013234078 0.10599078341 0.036866359447
A $ 0.322580645161 0.612903225806 0.0645161290323 0.0176834659593 0.0481012658228 0.0287769784173
$ , 0.563636363636 0.381818181818 0.0545454545455 0.0536796536797 0.0515970515971 0.0368098159509
D P 0.520833333333 0.479166666667 0.0 0.0435540069686 0.0570012391574 0.0
L D 0.611111111111 0.277777777778 0.111111111111 0.0387323943662 0.0251572327044 0.0555555555556
T D 0.318181818182 0.545454545455 0.136363636364 0.0124777183601 0.0307298335467 0.0461538461538
D O 0.307692307692 0.692307692308 0.0 0.00718778077269 0.0233160621762 0.0
P & 0.6 0.3 0.1 0.0318584070796 0.0228136882129 0.0434782608696
^ O 0.461538461538 0.384615384615 0.153846153846 0.010781671159 0.0129533678756 0.0330578512397
& P 0.547619047619 0.392857142857 0.0595238095238 0.0777027027027 0.0782918149466 0.0520833333333
X V 0.210526315789 0.684210526316 0.105263157895 0.00714924039321 0.0334190231362 0.0314960629921
V L 0.666666666667 0.277777777778 0.0555555555556 0.0214669051878 0.01287001287 0.015873015873
D S 0.0 0.666666666667 0.333333333333 0.0 0.00524934383202 0.018018018018
S N 0.0 1.0 0.0 0.0 0.00787401574803 0.0
V ^ 0.535714285714 0.416666666667 0.047619047619 0.0760135135135 0.0830367734282 0.0416666666667
& $ 0.294117647059 0.588235294118 0.117647058824 0.00895255147717 0.0257731958763 0.032
D $ 0.5125 0.4625 0.025 0.0694915254237 0.088200238379 0.0212765957447
N $ 0.47619047619 0.47619047619 0.047619047619 0.0178412132025 0.025641025641 0.015503875969
N ^ 0.4375 0.5625 0.0 0.0125448028674 0.0232258064516 0.0
A L 0.75 0.25 0.0 0.0054347826087 0.00262123197903 0.0
L N 0.733333333333 0.166666666667 0.1 0.0389380530973 0.0126742712294 0.0434782608696
$ & 0.296296296296 0.703703703704 0.0 0.0141969831411 0.0483460559796 0.0
R N 0.46511627907 0.511627906977 0.0232558139535 0.0349956255468 0.0548628428928 0.0132450331126
T & 0.461538461538 0.538461538462 0.0 0.010781671159 0.0181347150259 0.0
D , 0.258064516129 0.677419354839 0.0645161290323 0.0141467727675 0.053164556962 0.0287769784173
V ! 0.75 0.125 0.125 0.0108303249097 0.0026075619296 0.0172413793103
! O 0.666666666667 0.166666666667 0.166666666667 0.00723327305606 0.00261437908497 0.0175438596491
A V 0.548387096774 0.370967741935 0.0806451612903 0.0585197934596 0.0560292326431 0.0588235294118
$ ^ 1.0 0.0 0.0 0.0233602875112 0.0 0.0
R ^ 0.5 0.5 0.0 0.0036231884058 0.00524246395806 0.0
D D 0.818181818182 0.136363636364 0.0454545454545 0.0320855614973 0.00768245838668 0.0153846153846
V X 0.5625 0.375 0.0625 0.0161290322581 0.0154838709677 0.0161290322581
X D 0.633333333333 0.333333333333 0.0333333333333 0.0336283185841 0.0253485424588 0.0144927536232
$ D 0.5 0.5 0.0 0.00181488203267 0.00262812089356 0.0
O $ 0.111111111111 0.777777777778 0.111111111111 0.00180342651037 0.0182291666667 0.017094017094
N T 0.833333333333 0.166666666667 0.0 0.00904159132007 0.00261437908497 0.0
$ E 0.0 1.0 0.0 0.0 0.00263157894737 0.0
E $ 0.0 1.0 0.0 0.0 0.00263157894737 0.0
L P 0.333333333333 0.5 0.166666666667 0.00361663652803 0.0078431372549 0.0175438596491
^ R 0.47619047619 0.52380952381 0.0 0.0178412132025 0.0282051282051 0.0
, X 0.833333333333 0.166666666667 0.0 0.00904159132007 0.00261437908497 0.0
N G 0.25 0.75 0.0 0.0018115942029 0.00786369593709 0.0
G G 1.0 0.0 0.0 0.00181653042688 0.0 0.0
G , 1.0 0.0 0.0 0.00181653042688 0.0 0.0
R L 0.5 0.5 0.0 0.0072202166065 0.0104302477184 0.0
O T 0.529411764706 0.470588235294 0.0 0.0161145926589 0.020618556701 0.0
A E 1.0 0.0 0.0 0.00181653042688 0.0 0.0
O L 0.333333333333 0.333333333333 0.333333333333 0.00361663652803 0.00522875816993 0.0350877192982
O E 1.0 0.0 0.0 0.00181653042688 0.0 0.0
T R 0.727272727273 0.272727272727 0.0 0.014401440144 0.00779220779221 0.0
X O 1.0 0.0 0.0 0.00362976406534 0.0 0.0
O ^ 1.0 0.0 0.0 0.00362976406534 0.0 0.0
L $ 1.0 0.0 0.0 0.00543970988214 0.0 0.0
O A 0.631578947368 0.263157894737 0.105263157895 0.0214477211796 0.012853470437 0.0314960629921
! ! 0.0 1.0 0.0 0.0 0.00525624178712 0.0
^ A 0.333333333333 0.0 0.666666666667 0.00181323662738 0.0 0.036036036036
, G 1.0 0.0 0.0 0.00181653042688 0.0 0.0
G N 1.0 0.0 0.0 0.00181653042688 0.0 0.0
, ! 0.714285714286 0.0 0.285714285714 0.00903342366757 0.0 0.0347826086957
T V 0.833333333333 0.166666666667 0.0 0.00904159132007 0.00261437908497 0.0
! L 0.5 0.0 0.5 0.00181488203267 0.0 0.0181818181818
T N 0.4 0.6 0.0 0.00361990950226 0.00785340314136 0.0
T O 0.0 1.0 0.0 0.0 0.00787401574803 0.0
G V 0.0 1.0 0.0 0.0 0.00525624178712 0.0
D G 0.0 1.0 0.0 0.0 0.00263157894737 0.0
G ^ 0.0 1.0 0.0 0.0 0.00263157894737 0.0
, T 1.0 0.0 0.0 0.00181653042688 0.0 0.0
S V 0.0 0.0 1.0 0.0 0.0 0.0183486238532
D & 0.0 1.0 0.0 0.0 0.00525624178712 0.0
^ D 0.285714285714 0.714285714286 0.0 0.00361336946703 0.0130548302872 0.0
, E 0.0 1.0 0.0 0.0 0.00263157894737 0.0
O N 0.5 0.375 0.125 0.0072202166065 0.00782268578879 0.0172413793103
$ $ 0.0 0.909090909091 0.0909090909091 0.0 0.025974025974 0.0168067226891
N E 1.0 0.0 0.0 0.00362976406534 0.0 0.0
E R 1.0 0.0 0.0 0.00181653042688 0.0 0.0
$ O 1.0 0.0 0.0 0.00543970988214 0.0 0.0
T A 0.25 0.75 0.0 0.0018115942029 0.00786369593709 0.0
$ R 1.0 0.0 0.0 0.00362976406534 0.0 0.0
P X 0.0 0.875 0.125 0.0 0.0182529335072 0.0172413793103
E P 1.0 0.0 0.0 0.00181653042688 0.0 0.0
R X 0.0 1.0 0.0 0.0 0.00787401574803 0.0
& Z 0.25 0.0 0.75 0.0018115942029 0.0 0.0535714285714
Z N 0.25 0.0 0.75 0.0018115942029 0.0 0.0535714285714
^ X 1.0 0.0 0.0 0.0108499095841 0.0 0.0
G ~ 0.0 1.0 0.0 0.0 0.00263157894737 0.0
~ ! 0.0 1.0 0.0 0.0 0.00263157894737 0.0
! V 0.0 1.0 0.0 0.0 0.00263157894737 0.0
L , 0.0 1.0 0.0 0.0 0.00525624178712 0.0
! & 0.0 1.0 0.0 0.0 0.00525624178712 0.0
R G 0.0 1.0 0.0 0.0 0.00525624178712 0.0
G $ 0.0 1.0 0.0 0.0 0.0104849279161 0.0
P S 0.0 1.0 0.0 0.0 0.00525624178712 0.0
X L 0.0 0.5 0.5 0.0 0.00262812089356 0.0181818181818
S A 0.0 1.0 0.0 0.0 0.00263157894737 0.0
N X 0.0 1.0 0.0 0.0 0.00263157894737 0.0
P G 0.0 1.0 0.0 0.0 0.00525624178712 0.0
